
pi = tofloat(3.14159265358979323846)
deg2rad = tofloat(3.14159265358979323846/180.)

a_earth = 6371229.
ome_earth = 7.292116e-5

h_scale = 7.e3

